[camera]
fov = 60.0
near = 0.1
far = 100.0
yaw = 1.57079632679
pitch = -0.78539816339